1504645177449087232
1504645177480946432
1504645177512806400
1504645177544665344
1504645177576525312
1504645177608384256
1504645177640243200
1504645177672103424
1504645177703962368
1504645177735822336
1504645177767681280
1504645177799540224
1504645177831400192
1504645177863259392
1504645177895119360
1504645177926978304
1504645177958837248
1504645177990697216
1504645178022556416
1504645178054415360
1504645178086275328
1504645178118134272
1504645178149993216
1504645178181852416
1504645178213712384
1504645178245571328
1504645178277431296
1504645178309290240
1504645178341149184
1504645178373009408
1504645178404868352
1504645178436727296
1504645178468587264
1504645178500446208
1504645178532306432
1504645178564165376
1504645178596025344
1504645178627884288
1504645178659743232
1504645178691603200
1504645178723462400
1504645178755322368
1504645178787181312
1504645178819040256
1504645178850899200
1504645178882759424
1504645178914618368
1504645178946477312
1504645178978336256
1504645179010196224
1504645179042055424
1504645179073915392
1504645179105774336
1504645179137633280
1504645179169493248
1504645179201352192
1504645179233212416
1504645179265071360
1504645179296930304
1504645179328790272
1504645179360649216
1504645179392509184
1504645179424368384
1504645179456227328
1504645179488087296
1504645179519946240
1504645179551806208
1504645179583665408
1504645179615524352
1504645179647383296
1504645179679243264
1504645179711102208
1504645179742961408
1504645179774821376
1504645179806680320
1504645179838539264
1504645179870399232
1504645179902258432
1504645179934118400
1504645179965977344
1504645179997836288
1504645180029696256
1504645180061555200
1504645180093415424
1504645180125274368
1504645180157133312
1504645180188993280
1504645180220852224
1504645180252712192
1504645180284571392
1504645180316430336
1504645180348290304
1504645180380149248
1504645180412008192
1504645180443867392
1504645180475727360
1504645180507586304
1504645180539445248
1504645180571305216
1504645180603164416
1504645180635024384
1504645180666883328
1504645180698742272
1504645180730602240
1504645180762461184
1504645180794321408
1504645180826180352
1504645180858039296
1504645180889899264
1504645180921758208
1504645180953618432
1504645180985477376
1504645181017336320
1504645181049196288
1504645181081055232
1504645181112915200
1504645181144774400
1504645181176633344
1504645181208492288
1504645181240352256
1504645181272211200
1504645181304070400
1504645181335930368
1504645181367789312
1504645181399648256
1504645181431508224
1504645181463367424
1504645181495226368
1504645181527086336
1504645181558945280
1504645181590805248
1504645181622664192
1504645181654524416
1504645181686383360
1504645181718242304
1504645181750102272
1504645181781961216
1504645181813821184
1504645181845680384
1504645181877539328
1504645181909399296
1504645181941258240
1504645181973117184
1504645182004976384
1504645182036836352
1504645182068695296
1504645182100554240
1504645182132414208
1504645182164273408
1504645182196133376
1504645182227992320
1504645182259851264
1504645182291711232
1504645182323570432
1504645182355429376
1504645182387289344
1504645182419148288
1504645182451008256
1504645182482867200
1504645182514726400
1504645182546586368
1504645182578445312
1504645182610305280
1504645182642164224
1504645182674023424
1504645182705883392
1504645182737742336
1504645182769601280
1504645182801460224
1504645182833320192
1504645182865179392
1504645182897038336
1504645182928898304
1504645182960757248
1504645182992617216
1504645183024476416
1504645183056335360
1504645183088195328
1504645183120054272
1504645183151914240
1504645183183773184
1504645183215632384
1504645183247492352
1504645183279351296
1504645183311211264
1504645183343070208
1504645183374929408
1504645183406789376
1504645183438648320
1504645183470507264
1504645183502367232
1504645183534226432
1504645183566085376
1504645183597944320
1504645183629804288
1504645183661663232
1504645183693523200
1504645183725382400
1504645183757241344
1504645183789101312
1504645183820960256
1504645183852820224
1504645183884679424
1504645183916538368
1504645183948398336
1504645183980257280
1504645184012117248
1504645184043976192
1504645184075835392
1504645184107695360
1504645184139554304
1504645184171414272
1504645184203273216
1504645184235132416
1504645184266991360
1504645184298851328
1504645184330710272
1504645184362569216
1504645184394429184
1504645184426288384
1504645184458147328
1504645184490007296
1504645184521866240
1504645184553725184
1504645184585585408
1504645184617444352
1504645184649304320
1504645184681163264
1504645184713023232
1504645184744882432
1504645184776741376
1504645184808601344
1504645184840460288
1504645184872320256
1504645184904179200
1504645184936038400
1504645184967898368
1504645184999757312
1504645185031616256
1504645185063475200
1504645185095335424
1504645185127194368
1504645185159053312
1504645185190913280
1504645185222772224
1504645185254632192
1504645185286491392
1504645185318350336
1504645185350210304
1504645185382069248
1504645185413928192
1504645185445788416
1504645185477647360
1504645185509507328
1504645185541366272
1504645185573225216
1504645185605085184
1504645185636944384
1504645185668804352
1504645185700663296
1504645185732523264
1504645185764382208
1504645185796241408
1504645185828100352
1504645185859959296
1504645185891819264
1504645185923678208
1504645185955537408
1504645185987397376
1504645186019256320
1504645186051116288
1504645186082975232
1504645186114834432
1504645186146694400
1504645186178553344
1504645186210413312
1504645186242272256
1504645186274131200
1504645186305991424
1504645186337850368
1504645186369710336
1504645186401569280
1504645186433428224
1504645186465288192
1504645186497147392
1504645186529007360
1504645186560866304
1504645186592725248
1504645186624584192
1504645186656443392
1504645186688303360
1504645186720162304
1504645186752022272
1504645186783881216
1504645186815740416
1504645186847600384
1504645186879459328
1504645186911319296
1504645186943178240
1504645186975037184
1504645187006897408
1504645187038756352
1504645187070616320
1504645187102475264
1504645187134334208
1504645187166194432
1504645187198053376
1504645187229913344
1504645187261772288
1504645187293631232
1504645187325491200
1504645187357350400
1504645187389209344
1504645187421068288
1504645187452928256
1504645187484787200
1504645187516646400
1504645187548506368
1504645187580365312
1504645187612225280
1504645187644084224
1504645187675943424
1504645187707803392
1504645187739662336
1504645187771522304
1504645187803381248
1504645187835240192
1504645187867100416
1504645187898959360
1504645187930819328
1504645187962678272
1504645187994537216
1504645188026397184
1504645188058256384
1504645188090115328
1504645188121975296
1504645188153834240
1504645188185693184
1504645188217552384
1504645188249412352
1504645188281271296
1504645188313131264
1504645188344990208
1504645188376849408
1504645188408709376
1504645188440568320
1504645188472427264
1504645188504287232
1504645188536146432
1504645188568006400
1504645188599865344
1504645188631725312
1504645188663584256
1504645188695443200
1504645188727303424
1504645188759162368
1504645188791022336
1504645188822881280
1504645188854740224
1504645188886599424
1504645188918459392
1504645188950318336
1504645188982177280
1504645189014036224
1504645189045896192
1504645189077755392
1504645189109615360
1504645189141474304
1504645189173333248
1504645189205193216
1504645189237052416
1504645189268912384
1504645189300771328
1504645189332630272
1504645189364490240
1504645189396349184
1504645189428209408
1504645189460068352
1504645189491927296
1504645189523787264
1504645189555646208
1504645189587506432
1504645189619365376
1504645189651224320
1504645189683083264
1504645189714943232
1504645189746802176
1504645189778661376
1504645189810521344
1504645189842380288
1504645189874239232
1504645189906099200
1504645189937958400
1504645189969818368
1504645190001677312
1504645190033536256
1504645190065396224
1504645190097255424
1504645190129115392
1504645190160974336
1504645190192833280
1504645190224693248
1504645190256552192
1504645190288412416
1504645190320271360
1504645190352130304
1504645190383990272
1504645190415849216
1504645190447708416
1504645190479567360
1504645190511427328
1504645190543286272
1504645190575145216
1504645190607005184
1504645190638864384
1504645190670724352
1504645190702583296
1504645190734442240
1504645190766302208
1504645190798161408
1504645190830021376
1504645190861880320
1504645190893739264
1504645190925599232
1504645190957458432
1504645190989318400
1504645191021177344
1504645191053036288
1504645191084896256
1504645191116755200
1504645191148615424
1504645191180474368
1504645191212333312
1504645191244192256
1504645191276051200
1504645191307911424
1504645191339770368
1504645191371630336
1504645191403489280
1504645191435348224
1504645191467208192
1504645191499067392
1504645191530926336
1504645191562786304
1504645191594645248
1504645191626505216
1504645191658364416
1504645191690224384
1504645191722083328
1504645191753942272
1504645191785802240
1504645191817661184
1504645191849521408
1504645191881380352
1504645191913239296
1504645191945099264
1504645191976958208
1504645192008817408
1504645192040676352
1504645192072536320
1504645192104395264
1504645192136254208
1504645192168114176
1504645192199973376
1504645192231833344
1504645192263692288
1504645192295551232
1504645192327411200
1504645192359270400
1504645192391129344
1504645192422989312
1504645192454848256
1504645192486708224
1504645192518567424
1504645192550426368
1504645192582286336
1504645192614145280
1504645192646005248
1504645192677864192
1504645192709723392
1504645192741583360
1504645192773442304
1504645192805301248
1504645192837160192
1504645192869020416
1504645192900879360
1504645192932738304
1504645192964598272
1504645192996457216
1504645193028317184
1504645193060176384
1504645193092035328
1504645193123895296
1504645193155754240
1504645193187614208
1504645193219473408
1504645193251332352
1504645193283192320
1504645193315051264
1504645193346911232
1504645193378770432
1504645193410629376
1504645193442489344
1504645193474348288
1504645193506208256
1504645193538067200
1504645193569926400
1504645193601785344
1504645193633644288
1504645193665504256
1504645193697363200
1504645193729223424
1504645193761082368
1504645193792941312
1504645193824801280
1504645193856660224
1504645193888520192
1504645193920379392
1504645193952238336
1504645193984098304
1504645194015957248
1504645194047817216
1504645194079676416
1504645194111535360
1504645194143395328
1504645194175254272
1504645194207114240
1504645194238973184
1504645194270832384
1504645194302691328
1504645194334551296
1504645194366410240
1504645194398269184
1504645194430129408
1504645194461988352
1504645194493847296
1504645194525707264
1504645194557566208
1504645194589425408
1504645194621285376
1504645194653144320
1504645194685004288
1504645194716863232
1504645194748723200
1504645194780582400
1504645194812441344
1504645194844301312
1504645194876160256
1504645194908020224
1504645194939879424
1504645194971738368
1504645195003598336
1504645195035457280
1504645195067316224
1504645195099175424
1504645195131035392
1504645195162894336
1504645195194753280
1504645195226613248
1504645195258472192
1504645195290332416
1504645195322191360
1504645195354050304
1504645195385910272
1504645195417769216
1504645195449628416
1504645195481488384
1504645195513347328
1504645195545207296
1504645195577066240
1504645195608925184
1504645195640785408
1504645195672644352
1504645195704504320
1504645195736363264
1504645195768223232
1504645195800082432
1504645195831941376
1504645195863800320
1504645195895659264
1504645195927519232
1504645195959378432
1504645195991237376
1504645196023097344
1504645196054956288
1504645196086816256
1504645196118675200
1504645196150534400
1504645196182394368
1504645196214253312
1504645196246113280
1504645196277972224
1504645196309831424
1504645196341691392
1504645196373550336
1504645196405410304
1504645196437269248
1504645196469128192
1504645196500988416
1504645196532847360
1504645196564707328
1504645196596566272
1504645196628425216
1504645196660284416
1504645196692143360
1504645196724003328
1504645196755862272
1504645196787722240
1504645196819581184
1504645196851440384
1504645196883300352
1504645196915159296
1504645196947019264
1504645196978878208
1504645197010737408
1504645197042597376
1504645197074456320
1504645197106316288
1504645197138175232
1504645197170034432
1504645197201894400
1504645197233753344
1504645197265613312
1504645197297472256
1504645197329331200
1504645197361191424
1504645197393050368
1504645197424909312
1504645197456768256
1504645197488628224
1504645197520487424
1504645197552346368
1504645197584206336
1504645197616065280
1504645197647925248
1504645197679784192
1504645197711643392
1504645197743503360
1504645197775362304
1504645197807222272
1504645197839081216
1504645197870940416
1504645197902800384
1504645197934659328
1504645197966519296
1504645197998378240
1504645198030237184
1504645198062097408
1504645198093956352
1504645198125815296
1504645198157675264
1504645198189534208
1504645198221393408
1504645198253252352
1504645198285112320
1504645198316971264
1504645198348831232
1504645198380690432
1504645198412549376
1504645198444409344
1504645198476268288
1504645198508127232
1504645198539987200
1504645198571846400
1504645198603706368
1504645198635565312
1504645198667425280
1504645198699284224
1504645198731143424
1504645198763003392
1504645198794862336
1504645198826722304
1504645198858581248
1504645198890440192
1504645198922299392
1504645198954159360
1504645198986018304
1504645199017877248
1504645199049736192
1504645199081596416
1504645199113455360
1504645199145315328
1504645199177174272
1504645199209033216
1504645199240893184
1504645199272752384
1504645199304612352
1504645199336471296
1504645199368330240
1504645199400190208
1504645199432049408
1504645199463909376
1504645199495768320
1504645199527627264
1504645199559487232
1504645199591346432
1504645199623206400
1504645199655065344
1504645199686924288
1504645199718783232
1504645199750643200
1504645199782502400
1504645199814361344
1504645199846221312
1504645199878080256
1504645199909939200
1504645199941799424
1504645199973658368
1504645200005518336
1504645200037377280
1504645200069236224
1504645200101096192
1504645200132955392
1504645200164815360
1504645200196674304
1504645200228533248
1504645200260393216
1504645200292252416
1504645200324112384
1504645200355971328
1504645200387830272
1504645200419690240
1504645200451549184
1504645200483408384
1504645200515267328
1504645200547127296
1504645200578986240
1504645200610845184
1504645200642705408
1504645200674564352
1504645200706424320
1504645200738283264
1504645200770142208
1504645200802002432
1504645200833861376
1504645200865721344
1504645200897580288
1504645200929439232
1504645200961299200
1504645200993158400
1504645201025018368
1504645201056877312
1504645201088736256
1504645201120596224
1504645201152455424
1504645201184315392
1504645201216174336
1504645201248033280
1504645201279892224
1504645201311751424
1504645201343611392
1504645201375470336
1504645201407330304
1504645201439189248
1504645201471048192
1504645201502908416
1504645201534767360
1504645201566626304
1504645201598486272
1504645201630345216
1504645201662205184
1504645201694064384
1504645201725924352
1504645201757783296
1504645201789642240
1504645201821502208
1504645201853361408
1504645201885221376
1504645201917080320
1504645201948939264
1504645201980799232
1504645202012658432
1504645202044517376
1504645202076376320
1504645202108236288
1504645202140095232
1504645202171954176
1504645202203814400
1504645202235673344
1504645202267533312
1504645202299392256
1504645202331251200
1504645202363111424
1504645202394970368
1504645202426829312
1504645202458689280
1504645202490548224
1504645202522408192
1504645202554267392
1504645202586126336
1504645202617986304
1504645202649845248
1504645202681705216
1504645202713564416
1504645202745423360
1504645202777283328
1504645202809142272
1504645202841001216
1504645202872860416
1504645202904720384
1504645202936579328
1504645202968438272
1504645203000298240
1504645203032157184
1504645203064017408
1504645203095876352
1504645203127735296
1504645203159595264
1504645203191454208
1504645203223314432
1504645203255173376
1504645203287032320
1504645203318892288
1504645203350751232
1504645203382611200
1504645203414470400
1504645203446329344
1504645203478189312
1504645203510048256
1504645203541907200
1504645203573767424
1504645203605626368
1504645203637485312
1504645203669344256
1504645203701204224
1504645203733063424
1504645203764923392
1504645203796782336
1504645203828641280
1504645203860501248
1504645203892360192
1504645203924220416
1504645203956079360
1504645203987938304
1504645204019798272
1504645204051657216
1504645204083517184
1504645204115376384
1504645204147235328
1504645204179095296
1504645204210954240
1504645204242814208
1504645204274673408
1504645204306532352
1504645204338391296
1504645204370251264
1504645204402110208
1504645204433969408
1504645204465829376
1504645204497688320
1504645204529547264
1504645204561407232
1504645204593266176
1504645204625125376
1504645204656985344
1504645204688844288
1504645204720704256
1504645204752563200
1504645204784423424
1504645204816282368
1504645204848141312
1504645204880001280
1504645204911860224
1504645204943720192
1504645204975579392
1504645205007438336
1504645205039298304
1504645205071157248
1504645205103016192
1504645205134875392
1504645205166735360
1504645205198594304
1504645205230453248
1504645205262313216
1504645205294172416
1504645205326032384
1504645205357891328
1504645205389750272
1504645205421610240
1504645205453469184
1504645205485328384
1504645205517188352
1504645205549047296
1504645205580907264
1504645205612766208
1504645205644625408
1504645205676485376
1504645205708344320
1504645205740204288
1504645205772063232
1504645205803923200
1504645205835782400
1504645205867641344
1504645205899500288
1504645205931359232
1504645205963219200
1504645205995078400
1504645206026937344
1504645206058797312
1504645206090656256
1504645206122516224
1504645206154375424
1504645206186234368
1504645206218094336
1504645206249953280
1504645206281813248
1504645206313672192
1504645206345531392
1504645206377391360
1504645206409250304
1504645206441110272
1504645206472969216
1504645206504828416
1504645206536688384
1504645206568547328
1504645206600407296
1504645206632266240
1504645206664125184
1504645206695984384
1504645206727843328
1504645206759703296
1504645206791562240
1504645206823422208
1504645206855281408
1504645206887140352
1504645206919000320
1504645206950859264
1504645206982719232
1504645207014578176
1504645207046437376
1504645207078297344
1504645207110156288
1504645207142016256
1504645207173875200
1504645207205734400
1504645207237594368
1504645207269453312
1504645207301313280
1504645207333172224
1504645207365031424
1504645207396891392
1504645207428750336
1504645207460609280
1504645207492468224
1504645207524328192
1504645207556187392
1504645207588046336
1504645207619906304
1504645207651765248
1504645207683625216
1504645207715484416
1504645207747343360
1504645207779203328
1504645207811062272
1504645207842922240
1504645207874781184
1504645207906640384
1504645207938500352
1504645207970359296
1504645208002219264
1504645208034078208
1504645208065937408
1504645208097797376
1504645208129656320
1504645208161515264
1504645208193375232
1504645208225234432
1504645208257093376
1504645208288952320
1504645208320812288
1504645208352671232
1504645208384531200
1504645208416390400
1504645208448249344
1504645208480109312
1504645208511968256
1504645208543827200
1504645208575687424
1504645208607546368
1504645208639406336
1504645208671265280
1504645208703125248
1504645208734984192
1504645208766843392
1504645208798703360
1504645208830562304
1504645208862422272
1504645208894281216
1504645208926140416
1504645208957999360
1504645208989859328
1504645209021718272
1504645209053577216
1504645209085436416
1504645209117296384
1504645209149155328
1504645209181015296
1504645209212874240
1504645209244734208
1504645209276593408
1504645209308452352
1504645209340312320
1504645209372171264
1504645209404030208
1504645209435890176
1504645209467749376
1504645209499609344
1504645209531468288
1504645209563327232
1504645209595187200
1504645209627046400
1504645209658906368
1504645209690765312
1504645209722624256
1504645209754483200
1504645209786343424
1504645209818202368
1504645209850061312
1504645209881921280
1504645209913780224
1504645209945639424
1504645209977499392
1504645210009358336
1504645210041218304
1504645210073077248
1504645210104936192
1504645210136796416
1504645210168655360
1504645210200515328
1504645210232374272
1504645210264233216
1504645210296093184
1504645210327952384
1504645210359812352
1504645210391671296
1504645210423530240
1504645210455390208
1504645210487249408
1504645210519108352
1504645210550967296
1504645210582827264
1504645210614686208
1504645210646545408
1504645210678405376
1504645210710264320
1504645210742124288
1504645210773983232
1504645210805842432
1504645210837702400
1504645210869561344
1504645210901421312
1504645210933280256
1504645210965139200
1504645210996999424
1504645211028858368
1504645211060718336
1504645211092577280
1504645211124436224
1504645211156296192
1504645211188155392
1504645211220015360
1504645211251874304
1504645211283733248
1504645211315592192
1504645211347451392
1504645211379311360
1504645211411170304
1504645211443030272
1504645211474889216
1504645211506748416
1504645211538608384
1504645211570467328
1504645211602326272
1504645211634186240
1504645211666045184
1504645211697905408
1504645211729764352
1504645211761624320
1504645211793483264
1504645211825342208
1504645211857202176
1504645211889061376
1504645211920921344
1504645211952780288
1504645211984639232
1504645212016499200
1504645212048358400
1504645212080217344
1504645212112076288
1504645212143936256
1504645212175795200
1504645212207654400
1504645212239514368
1504645212271373312
1504645212303233280
1504645212335092224
1504645212366951424
1504645212398811392
1504645212430670336
1504645212462529280
1504645212494389248
1504645212526248192
1504645212558108416
1504645212589967360
1504645212621826304
1504645212653686272
1504645212685545216
1504645212717405184
1504645212749264384
1504645212781123328
1504645212812983296
1504645212844842240
1504645212876701184
1504645212908560384
1504645212940420352
1504645212972279296
1504645213004138240
1504645213035998208
1504645213067857408
1504645213099717376
1504645213131576320
1504645213163435264
1504645213195295232
1504645213227154432
1504645213259014400
1504645213290873344
1504645213322732288
1504645213354592256
1504645213386451200
1504645213418311424
1504645213450170368
1504645213482029312
1504645213513889280
1504645213545748224
1504645213577607424
1504645213609467392
1504645213641326336
1504645213673185280
1504645213705044224
1504645213736904192
1504645213768763392
1504645213800623360
1504645213832482304
1504645213864341248
1504645213896201216
1504645213928060416
1504645213959920384
1504645213991779328
1504645214023638272
1504645214055498240
1504645214087357184
1504645214119217408
1504645214151076352
1504645214182935296
1504645214214795264
1504645214246654208
1504645214278514176
1504645214310373376
1504645214342232320
1504645214374091264
1504645214405951232
1504645214437810432
1504645214469669376
1504645214501529344
1504645214533388288
1504645214565247232
1504645214597107200
1504645214628966400
1504645214660825344
1504645214692685312
1504645214724544256
1504645214756404224
1504645214788263424
1504645214820123392
1504645214851982336
1504645214883841280
1504645214915701248
1504645214947560192
1504645214979420416
1504645215011279360
1504645215043138304
1504645215074998272
1504645215106857216
1504645215138716416
1504645215170575360
1504645215202435328
1504645215234294272
1504645215266153216
1504645215298013184
1504645215329872384
1504645215361732352
1504645215393591296
1504645215425450240
1504645215457310208
1504645215489169408
1504645215521028352
1504645215552888320
1504645215584747264
1504645215616607232
1504645215648466432
1504645215680325376
1504645215712185344
1504645215744044288
1504645215775904256
1504645215807763200
1504645215839623424
1504645215871482368
1504645215903341312
1504645215935200256
1504645215967059200
1504645215998919424
1504645216030778368
1504645216062637312
1504645216094497280
1504645216126356224
1504645216158216192
1504645216190075392
1504645216221934336
1504645216253794304
1504645216285653248
1504645216317513216
1504645216349372416
1504645216381231360
1504645216413091328
1504645216444950272
1504645216476810240
1504645216508669184
1504645216540528384
1504645216572388352
1504645216604247296
1504645216636107264
1504645216667966208
1504645216699825408
1504645216731684352
1504645216763543296
1504645216795403264
1504645216827262208
1504645216859122432
1504645216890981376
1504645216922840320
1504645216954700288
1504645216986559232
1504645217018419200
1504645217050278400
1504645217082137344
1504645217113997312
1504645217145856256
1504645217177716224
1504645217209575424
1504645217241434368
1504645217273294336
1504645217305153280
1504645217337013248
1504645217368872192
1504645217400731392
1504645217432591360
1504645217464450304
1504645217496309248
1504645217528168192
1504645217560028416
1504645217591887360
1504645217623746304
1504645217655606272
1504645217687465216
1504645217719325184
1504645217751184384
1504645217783043328
1504645217814903296
1504645217846762240
1504645217878622208
1504645217910481408
1504645217942340352
1504645217974200320
1504645218006059264
1504645218037919232
1504645218069778432
1504645218101637376
1504645218133497344
1504645218165356288
1504645218197215232
1504645218229075200
1504645218260934400
1504645218292793344
1504645218324652288
1504645218356512256
1504645218388371200
1504645218420231424
1504645218452090368
1504645218483949312
1504645218515809280
1504645218547668224
1504645218579527424
1504645218611387392
1504645218643246336
1504645218675106304
1504645218706965248
1504645218738825216
1504645218770684416
1504645218802543360
1504645218834403328
1504645218866262272
1504645218898122240
1504645218929981184
1504645218961840384
1504645218993699328
1504645219025559296
1504645219057418240
1504645219089277184
1504645219121136384
1504645219152996352
1504645219184855296
1504645219216715264
1504645219248574208
1504645219280433408
1504645219312293376
1504645219344152320
1504645219376012288
1504645219407871232
1504645219439730432
1504645219471590400
1504645219503449344
1504645219535309312
1504645219567168256
1504645219599027200
1504645219630887424
1504645219662746368
1504645219694606336
1504645219726465280
1504645219758324224
1504645219790183424
1504645219822043392
1504645219853902336
1504645219885761280
1504645219917621248
1504645219949480192
1504645219981339392
1504645220013199360
1504645220045058304
1504645220076918272
1504645220108777216
1504645220140636416
1504645220172496384
1504645220204355328
1504645220236215296
1504645220268074240
1504645220299933184
1504645220331793408
1504645220363652352
1504645220395512320
1504645220427371264
1504645220459230208
1504645220491090432
1504645220522949376
1504645220554808320
1504645220586667264
1504645220618527232
1504645220650386432
1504645220682245376
1504645220714105344
1504645220745964288
1504645220777824256
1504645220809683200
1504645220841542400
1504645220873402368
1504645220905261312
1504645220937121280
1504645220968980224
1504645221000839424
1504645221032699392
1504645221064558336
1504645221096418304
1504645221128277248
1504645221160136192
1504645221191996416
1504645221223855360
1504645221255715328
1504645221287574272
1504645221319433216
1504645221351292416
1504645221383151360
1504645221415011328
1504645221446870272
1504645221478730240
1504645221510589184
1504645221542448384
1504645221574308352
1504645221606167296
1504645221638026240
1504645221669886208
1504645221701745408
1504645221733605376
1504645221765464320
1504645221797324288
1504645221829183232
1504645221861042432
1504645221892902400
1504645221924761344
1504645221956621312
1504645221988480256
1504645222020339200
1504645222052199424
1504645222084058368
1504645222115917312
1504645222147776256
1504645222179636224
1504645222211495424
1504645222243354368
1504645222275214336
1504645222307073280
1504645222338933248
1504645222370792192
1504645222402651392
1504645222434511360
1504645222466370304
1504645222498229248
1504645222530089216
1504645222561948416
1504645222593808384
1504645222625667328
1504645222657526272
1504645222689386240
1504645222721245184
1504645222753105408
1504645222784964352
1504645222816823296
1504645222848683264
1504645222880542208
1504645222912401408
1504645222944260352
1504645222976120320
1504645223007979264
1504645223039838208
1504645223071698432
1504645223103557376
1504645223135417344
1504645223167276288
1504645223199135232
1504645223230995200
1504645223262854400
1504645223294714368
1504645223326573312
1504645223358432256
1504645223390292224
1504645223422151424
1504645223454011392
1504645223485870336
1504645223517729280
1504645223549589248
1504645223581448192
1504645223613307392
1504645223645167360
1504645223677026304
1504645223708885248
1504645223740744192
1504645223772604416
1504645223804463360
1504645223836323328
1504645223868182272
1504645223900041216
1504645223931901184
1504645223963760384
1504645223995620352
1504645224027479296
1504645224059338240
1504645224091198208
1504645224123057408
1504645224154917376
1504645224186776320
1504645224218635264
1504645224250495232
1504645224282354432
1504645224314214400
1504645224346073344
1504645224377932288
1504645224409791232
1504645224441651200
1504645224473510400
1504645224505369344
1504645224537229312
1504645224569088256
1504645224600947200
1504645224632807424
1504645224664666368
1504645224696525312
1504645224728385280
1504645224760244224
1504645224792104192
1504645224823963392
1504645224855823360
1504645224887682304
1504645224919541248
1504645224951401216
1504645224983260416
1504645225015120384
1504645225046979328
1504645225078838272
1504645225110698240
1504645225142557184
1504645225174416384
1504645225206275328
1504645225238135296
1504645225269994240
1504645225301853184
1504645225333713408
1504645225365572352
1504645225397432320
1504645225429291264
1504645225461150208
1504645225493010432
1504645225524869376
1504645225556728320
1504645225588588288
1504645225620447232
1504645225652307200
1504645225684166400
1504645225716025344
1504645225747885312
1504645225779744256
1504645225811604224
1504645225843463424
1504645225875323392
1504645225907182336
1504645225939041280
1504645225970900224
1504645226002759424
1504645226034619392
1504645226066478336
1504645226098337280
1504645226130197248
1504645226162056192
1504645226193916416
1504645226225775360
1504645226257634304
1504645226289494272
1504645226321353216
1504645226353213184
1504645226385072384
1504645226416931328
1504645226448791296
1504645226480650240
1504645226512510208
1504645226544369408
1504645226576228352
1504645226608088320
1504645226639947264
1504645226671807232
1504645226703666176
1504645226735525376
1504645226767384320
1504645226799243264
1504645226831103232
1504645226862962176
1504645226894822400
1504645226926681344
1504645226958540288
1504645226990400256
1504645227022259200
1504645227054119424
1504645227085978368
1504645227117837312
1504645227149697280
1504645227181556224
1504645227213416192
1504645227245275392
1504645227277134336
1504645227308994304
1504645227340853248
1504645227372713216
1504645227404572416
1504645227436431360
1504645227468291328
1504645227500150272
1504645227532009216
1504645227563868416
1504645227595728384
1504645227627587328
1504645227659446272
1504645227691306240
1504645227723165184
1504645227755025408
1504645227786884352
1504645227818743296
1504645227850603264
1504645227882462208
1504645227914322432
1504645227946181376
1504645227978040320
1504645228009900288
1504645228041759232
1504645228073619200
1504645228105478400
1504645228137337344
1504645228169197312
1504645228201056256
1504645228232915200
1504645228264775424
1504645228296634368
1504645228328493312
1504645228360352256
1504645228392212224
1504645228424071424
1504645228455931392
1504645228487790336
1504645228519649280
1504645228551509248
1504645228583368192
1504645228615227392
1504645228647087360
1504645228678946304
1504645228710806272
1504645228742665216
1504645228774525184
1504645228806384384
1504645228838243328
1504645228870103296
1504645228901962240
1504645228933822208
1504645228965681408
1504645228997540352
1504645229029399296
1504645229061259264
1504645229093118208
1504645229124977408
1504645229156836352
1504645229188696320
1504645229220555264
1504645229252415232
1504645229284274176
1504645229316133376
1504645229347993344
1504645229379852288
1504645229411712256
1504645229443571200
1504645229475430400
1504645229507290368
1504645229539149312
1504645229571009280
1504645229602868224
1504645229634727424
1504645229666587392
1504645229698446336
1504645229730306304
1504645229762165248
1504645229794024192
1504645229825883392
1504645229857743360
1504645229889602304
1504645229921461248
1504645229953321216
1504645229985180416
1504645230017039360
1504645230048899328
1504645230080758272
1504645230112618240
1504645230144477184
1504645230176336384
1504645230208196352
1504645230240055296
1504645230271915264
1504645230303774208
1504645230335633408
1504645230367493376
1504645230399352320
1504645230431212288
1504645230463071232
1504645230494930432
1504645230526790400
1504645230558649344
1504645230590508288
1504645230622367232
1504645230654227200
1504645230686086400
1504645230717945344
1504645230749805312
1504645230781664256
1504645230813524224
1504645230845383424
1504645230877242368
1504645230909102336
1504645230940961280
1504645230972821248
1504645231004680192
1504645231036539392
1504645231068399360
1504645231100258304
1504645231132118272
1504645231163977216
1504645231195836416
1504645231227696384
1504645231259555328
1504645231291415296
1504645231323274240
1504645231355133184
1504645231386992384
1504645231418851328
1504645231450711296
1504645231482570240
1504645231514430208
1504645231546289408
1504645231578148352
1504645231610008320
1504645231641867264
1504645231673726208
1504645231705586176
1504645231737445376
1504645231769305344
1504645231801164288
1504645231833024256
1504645231864883200
1504645231896742400
1504645231928602368
1504645231960461312
1504645231992321280
1504645232024180224
1504645232056039424
1504645232087899392
1504645232119758336
1504645232151617280
1504645232183476224
1504645232215336192
1504645232247195392
1504645232279054336
1504645232310914304
1504645232342773248
1504645232374633216
1504645232406492416
1504645232438351360
1504645232470211328
1504645232502070272
1504645232533929216
1504645232565789184
1504645232597648384
1504645232629508352
1504645232661367296
1504645232693226240
1504645232725086208
1504645232756945408
1504645232788805376
1504645232820664320
1504645232852523264
1504645232884383232
1504645232916242432
1504645232948101376
1504645232979960320
1504645233011820288
1504645233043679232
1504645233075538432
1504645233107398400
1504645233139257344
1504645233171117312
1504645233202976256
1504645233234835200
1504645233266695424
1504645233298554368
1504645233330414336
1504645233362273280
1504645233394132224
1504645233425992192
1504645233457851392
1504645233489711360
1504645233521570304
1504645233553429248
1504645233585289216
1504645233617148416
1504645233649007360
1504645233680867328
1504645233712726272
1504645233744585216
1504645233776444416
1504645233808304384
1504645233840163328
1504645233872023296
1504645233903882240
1504645233935741184
1504645233967601408
1504645233999460352
1504645234031320320
1504645234063179264
1504645234095038208
1504645234126898176
1504645234158757376
1504645234190617344
1504645234222476288
1504645234254335232
1504645234286195200
1504645234318054400
1504645234349914368
1504645234381773312
1504645234413632256
1504645234445491200
1504645234477351424
1504645234509210368
1504645234541069312
1504645234572929280
1504645234604788224
1504645234636647424
1504645234668507392
1504645234700366336
1504645234732225280
1504645234764085248
1504645234795944192
1504645234827804416
1504645234859663360
1504645234891523328
1504645234923382272
1504645234955241216
1504645234987101184
1504645235018960384
1504645235050820352
1504645235082679296
1504645235114538240
1504645235146398208
1504645235178257408
1504645235210116352
1504645235241975296
1504645235273835264
1504645235305694208
1504645235337553408
1504645235369413376
1504645235401272320
1504645235433132288
1504645235464991232
1504645235496850432
1504645235528710400
1504645235560569344
1504645235592428288
1504645235624288256
1504645235656147200
1504645235688007424
1504645235719866368
1504645235751725312
1504645235783585280
1504645235815444224
1504645235847304192
1504645235879163392
1504645235911023360
1504645235942882304
1504645235974741248
1504645236006600192
1504645236038459392
1504645236070319360
1504645236102178304
1504645236134037248
1504645236165897216
1504645236197756416
1504645236229616384
1504645236261475328
1504645236293334272
1504645236325194240
1504645236357053184
1504645236388913408
1504645236420772352
1504645236452631296
1504645236484491264
1504645236516350208
1504645236548210176
1504645236580069376
1504645236611928320
1504645236643788288
1504645236675647232
1504645236707507200
1504645236739366400
1504645236771225344
1504645236803084288
1504645236834943232
1504645236866803200
1504645236898662400
1504645236930522368
1504645236962381312
1504645236994240256
1504645237026100224
1504645237057959424
1504645237089819392
1504645237121678336
1504645237153537280
1504645237185397248
1504645237217256192
1504645237249116416
1504645237280975360
1504645237312834304
1504645237344694272
1504645237376553216
1504645237408413184
1504645237440272384
1504645237472131328
1504645237503991296
1504645237535850240
1504645237567709184
1504645237599568384
1504645237631428352
1504645237663287296
1504645237695146240
1504645237727006208
1504645237758865408
1504645237790725376
1504645237822584320
1504645237854443264
1504645237886303232
1504645237918162432
1504645237950022400
1504645237981881344
1504645238013740288
1504645238045600256
1504645238077459200
1504645238109319424
1504645238141178368
1504645238173037312
1504645238204897280
1504645238236756224
1504645238268615424
1504645238300475392
1504645238332334336
1504645238364193280
1504645238396052224
1504645238427912192
1504645238459771392
1504645238491631360
1504645238523490304
1504645238555349248
1504645238587209216
1504645238619068416
1504645238650927360
1504645238682787328
1504645238714646272
1504645238746506240
1504645238778365184
1504645238810225408
1504645238842084352
1504645238873943296
1504645238905803264
1504645238937662208
1504645238969522176
1504645239001381376
1504645239033240320
1504645239065099264
1504645239096959232
1504645239128818432
1504645239160677376
1504645239192536320
1504645239224396288
1504645239256255232
1504645239288115200
1504645239319974400
1504645239351833344
1504645239383693312
1504645239415552256
1504645239447412224
1504645239479271424
1504645239511130368
1504645239542990336
1504645239574849280
1504645239606709248
1504645239638568192
1504645239670427392
1504645239702287360
1504645239734146304
1504645239766006272
1504645239797865216
1504645239829724416
1504645239861583360
1504645239893443328
1504645239925302272
1504645239957161216
1504645239989021184
1504645240020880384
1504645240052739328
1504645240084599296
1504645240116458240
1504645240148318208
1504645240180177408
1504645240212036352
1504645240243896320
1504645240275755264
1504645240307615232
1504645240339474432
1504645240371333376
1504645240403193344
1504645240435052288
1504645240466912256
1504645240498771200
1504645240530630400
1504645240562490368
1504645240594349312
1504645240626208256
1504645240658067200
1504645240689927424
1504645240721786368
1504645240753645312
1504645240785505280
1504645240817364224
1504645240849224192
1504645240881083392
1504645240912942336
1504645240944802304
1504645240976661248
1504645241008521216
1504645241040380416
1504645241072239360
1504645241104099328
1504645241135958272
1504645241167818240
1504645241199677184
1504645241231536384
1504645241263396352
1504645241295255296
1504645241327115264
1504645241358974208
1504645241390833408
1504645241422692352
1504645241454551296
1504645241486411264
1504645241518270208
1504645241550130432
1504645241581989376
1504645241613848320
1504645241645708288
1504645241677567232
1504645241709426176
1504645241741286400
1504645241773145344
1504645241805005312
1504645241836864256
1504645241868724224
1504645241900583424
1504645241932442368
1504645241964302336
1504645241996161280
1504645242028021248
1504645242059880192
1504645242091739392
1504645242123599360
1504645242155458304
1504645242187317248
1504645242219176192
1504645242251036416
1504645242282895360
1504645242314754304
1504645242346614272
1504645242378473216
1504645242410333184
1504645242442192384
1504645242474051328
1504645242505911296
1504645242537770240
1504645242569629184
1504645242601489408
1504645242633348352
1504645242665208320
1504645242697067264
1504645242728926208
1504645242760786432
1504645242792645376
1504645242824505344
1504645242856364288
1504645242888223232
1504645242920083200
1504645242951942400
1504645242983801344
1504645243015660288
1504645243047520256
1504645243079379200
1504645243111238400
1504645243143098368
1504645243174957312
1504645243206817280
1504645243238676224
1504645243270535424
1504645243302395392
1504645243334254336
1504645243366114304
1504645243397973248
1504645243429832192
1504645243461692416
1504645243493551360
1504645243525411328
1504645243557270272
1504645243589129216
1504645243620989184
1504645243652848384
1504645243684707328
1504645243716567296
1504645243748426240
1504645243780285184
1504645243812144384
1504645243844004352
1504645243875863296
1504645243907723264
1504645243939582208
1504645243971441408
1504645244003301376
1504645244035160320
1504645244067020288
1504645244098879232
1504645244130738176
1504645244162598400
1504645244194457344
1504645244226317312
1504645244258176256
1504645244290035200
1504645244321895424
1504645244353754368
1504645244385614336
1504645244417473280
1504645244449332224
1504645244481191424
1504645244513051392
1504645244544910336
1504645244576769280
1504645244608629248
1504645244640488192
1504645244672347392
1504645244704207360
1504645244736066304
1504645244767925248
1504645244799785216
1504645244831644416
1504645244863504384
1504645244895363328
1504645244927223296
1504645244959082240
1504645244990941184
1504645245022801408
1504645245054660352
1504645245086520320
1504645245118379264
1504645245150238208
1504645245182098432
1504645245213957376
1504645245245816320
1504645245277675264
1504645245309535232
1504645245341394432
1504645245373253376
1504645245405113344
1504645245436972288
1504645245468832256
1504645245500691200
1504645245532550400
1504645245564410368
1504645245596269312
1504645245628128256
1504645245659988224
1504645245691847424
1504645245723707392
1504645245755566336
1504645245787425280
1504645245819285248
1504645245851144192
1504645245883004416
1504645245914863360
1504645245946723328
1504645245978582272
1504645246010441216
1504645246042300416
1504645246074159360
1504645246106019328
1504645246137878272
1504645246169737216
1504645246201597184
1504645246233456384
1504645246265316352
1504645246297175296
1504645246329034240
1504645246360894208
1504645246392753408
1504645246424613376
1504645246456472320
1504645246488331264
1504645246520191232
1504645246552050176
1504645246583910400
1504645246615769344
1504645246647628288
1504645246679488256
1504645246711347200
1504645246743207424
1504645246775066368
1504645246806925312
1504645246838784256
1504645246870643200
1504645246902503424
1504645246934362368
1504645246966222336
1504645246998081280
1504645247029940224
1504645247061800192
1504645247093659392
1504645247125519360
1504645247157378304
1504645247189237248
1504645247221097216
1504645247252956416
1504645247284816384
1504645247316675328
1504645247348534272
1504645247380394240
1504645247412253184
1504645247444113408
1504645247475972352
1504645247507831296
1504645247539691264
1504645247571550208
1504645247603409408
1504645247635268352
1504645247667128320
1504645247698987264

