14000020235000
14000063300999
14000106365999
14000149431000
14000192496999
14000235561999
14000278626999
14000321692999
14000364757999
14000407824000
14000450889000
14000493953999
14000537020000
14000580085000
14000623149999
14000666216000
14000709281000
14000752346999
14000795412000
14000838477000
14000881542999
14000924608000
14000967673000
14001010738999
14001053804000
14001096869000
14001139934999
14001183000000
14001226065999
14001269130999
14001312195999
14001355261999
14001398326999
14001441391999
14001484458000
14001527522999
14001570589000
14001613654000
14001656718999
14001699785000
14001742850000
14001785914999
14001828981000
14001872046000
14001915110999
14001958177000
14002001242000
14002044307999
14002087373000
14002130438000
14002173503999
14002216569000
14002259634000
14002302699999
14002345764999
14002388830000
14002431895999
14002474960999
14002518027000
14002561091999
14002604156999
14002647223000
14002690287999
14002733352999
14002776419000
14002819483999
14002862550000
14002905615000
14002948679999
14002991746000
14003034811000
14003077875999
14003120942000
14003164007000
14003207072000
14003250138000
14003293203000
14003336268999
14003379334000
14003422399000
14003465464999
14003508529999
14003551595000
14003594660999
14003637725999
14003680791000
14003723856999
14003766921999
14003809988000
14003853052999
14003896117999
14003939184000
14003982248999
14004025313999
14004068380000
14004111444999
14004154509999
14004197576000
14004240641000
14004283707000
14004326772000
14004369837000
14004412903000
14004455968000
14004499033999
14004542098999
14004585164000
14004628229999
14004671294999
14004714360000
14004757425999
14004800490999
14004843555999
14004886622000
14004929687000
14004972752000
14005015817999
14005058882999
14005101948999
14005145014000
14005188079000
14005231145000
14005274210000
14005317274999
14005360340999
14005403405999
14005446472000
14005489537000
14005532602000
14005575667999
14005618732999
14005661797999
14005704864000
14005747929000
14005790994000
14005834059999
14005877124999
14005920191000
14005963256000
14006006321000
14006049386999
14006092451999
14006135516999
14006178583000
14006221648000
14006264713000
14006307779000
14006350843999
14006393909999
14006436974999
14006480040000
14006523106000
14006566171000
14006609235999
14006652301999
14006695366999
14006738432000
14006781498000
14006824563000
14006867628999
14006910693999
14006953758999
14006996825000
14007039890000
14007082955000
14007126020999
14007169085999
14007212152000
14007255217000
14007298282000
14007341347999
14007384412999
14007427477999
14007470543999
14007513609000
14007556674000
14007599740000
14007642804999
14007685870999
14007728935999
14007772001000
14007815067000
14007858132000
14007901196999
14007944262999
14007987327999
14008030392999
14008073459000
14008116524000
14008159589999
14008202654999
14008245719999
14008288786000
14008331851000
14008374916000
14008417981999
14008461046999
14008504112999
14008547178000
14008590243000
14008633309000
14008676373999
14008719438999
14008762504999
14008805570000
14008848635000
14008891701000
14008934765999
14008977831999
14009020896999
14009063961999
14009107028000
14009150093000
14009193158000
14009236223999
14009279288999
14009322353999
14009365420000
14009408485000
14009451550999
14009494615999
14009537680999
14009580747000
14009623812000
14009666877000
14009709942999
14009753007999
14009796073999
14009839139000
14009882204000
14009925270000
14009968334999
14010011399999
14010054465999
14010097531000
14010140596000
14010183662000
14010226727000
14010269792999
14010312857999
14010355922999
14010398989000
14010442054000
14010485119000
14010528184999
14010571249999
14010614316000
14010657381000
14010700446000
14010743511999
14010786576999
14010829641999
14010872708000
14010915773000
14010958838000
14011001903999
14011044968999
14011088034999
14011131100000
14011174165000
14011217231000
14011260296000
14011303360999
14011346426999
14011389491999
14011432558000
14011475623000
14011518688000
14011561753999
14011604818999
14011647883999
14011690950000
14011734015000
14011777080000
14011820145999
14011863210999
14011906275999
14011949342000
14011992407000
14012035472999
14012078537999
14012121602999
14012164669000
14012207734000
14012250799000
14012293865000
14012336929999
14012379995999
14012423060999
14012466126000
14012509192000
14012552257000
14012595321999
14012638387999
14012681452999
14012724518000
14012767584000
14012810649000
14012853714999
14012896779999
14012939844999
14012982911000
14013025976000
14013069041000
14013112106999
14013155171999
14013198236999
14013241303000
14013284368000
14013327434000
14013370498999
14013413563999
14013456629999
14013499695000
14013542760000
14013585826000
14013628890999
14013671956999
14013715021999
14013758087000
14013801153000
14013844218000
14013887282999
14013930348999
14013973413999
14014016478999
14014059545000
14014102610000
14014145675999
14014188740999
14014231805999
14014274872000
14014317937000
14014361002000
14014404067999
14014447132999
14014490198999
14014533264000
14014576329000
14014619395000
14014662459999
14014705524999
14014748590999
14014791656000
14014834721000
14014877787000
14014920851999
14014963917999
14015006982999
14015050047999
14015093114000
14015136179000
14015179244000
14015222309999
14015265374999
14015308441000
14015351506000
14015394571000
14015437636999
14015480701999
14015523766999
14015566833000
14015609898000
14015652963000
14015696028999
14015739093999
14015782158999
14015825225000
14015868290000
14015911356000
14015954420999
14015997485999
14016040551999
14016083616999
14016126682000
14016169748000
14016212813000
14016255878999
14016298943999
14016342008999
14016385075000
14016428140000
14016471205000
14016514270999
14016557335999
14016600400999
14016643467000
14016686532000
14016729597999
14016772662999
14016815727999
14016858794000
14016901859000
14016944924000
14016987989999
14017031054999
14017074119999
14017117185999
14017160251000
14017203317000
14017246382000
14017289446999
14017332512999
14017375577999
14017418643000
14017461709000
14017504774000
14017547839999
14017590904999
14017633969999
14017677036000
14017720101000
14017763166000
14017806231999
14017849296999
14017892361999
14017935428000
14017978493000
14018021558999
14018064623999
14018107688999
14018150754999
14018193820000
14018236885000
14018279951000
14018323015999
14018366081999
14018409146999
14018452212000
14018495278000
14018538343000
14018581407999
14018624473999
14018667538999
14018710604000
14018753670000
14018796735000
14018839800999
14018882865999
14018925930999
14018968997000
14019012062000
14019055127000
14019098192999
14019141257999
14019184322999
14019227389000
14019270454000
14019313520000
14019356584999
14019399649999
14019442715999
14019485781000
14019528846000
14019571912000
14019614976999
14019658042999
14019701107999
14019744173000
14019787239000
14019830304000
14019873369000
14019916434999
14019959499999
14020002564999
14020045631000
14020088696000
14020131761999
14020174826999
14020217891999
14020260958000
14020304023000
14020347088000
14020390153999
14020433218999
14020476283999
14020519350000
14020562415000
14020605481000
14020648545999
14020691610999
14020734676999
14020777742000
14020820807000
14020863873000
14020906938000
14020950003999
14020993068999
14021036133999
14021079200000
14021122265000
14021165330000
14021208395999
14021251460999
14021294527000
14021337592000
14021380657000
14021423722999
14021466787999
14021509852999
14021552919000
14021595984000
14021639049000
14021682114999
14021725179999
14021768244999
14021811311000
14021854376000
14021897442000
14021940507000
14021983571999
14022026637999
14022069702999
14022112768000
14022155834000
14022198899000
14022241963999
14022285029999
14022328094999
14022371161000
14022414226000
14022457291000
14022500356999
14022543421999
14022586486999
14022629553000
14022672618000
14022715683999
14022758748999
14022801813999
14022844880000
14022887945000
14022931010000
14022974076000
14023017140999
14023060205999
14023103271999
14023146337000
14023189403000
14023232468000
14023275532999
14023318598999
14023361663999
14023404729000
14023447795000
14023490860000
14023533924999
14023576990999
14023620055999
14023663122000
14023706187000
14023749252000
14023792317999
14023835382999
14023878447999
14023921514000
14023964579000
14024007645000
14024050709999
14024093774999
14024136840999
14024179906000
14024222971000
14024266037000
14024309101999
14024352166999
14024395232999
14024438298000
14024481364000
14024524429000
14024567493999
14024610559999
14024653624999
14024696689999
14024739756000
14024782821000
14024825886999
14024868951999
14024912016999
14024955083000
14024998148000
14025041213000
14025084278999
14025127343999
14025170408999
14025213475000
14025256540000
14025299606000
14025342670999
14025385735999
14025428801999
14025471867000
14025514932000
14025557998000
14025601062999
14025644127999
14025687193999
14025730258999
14025773325000
14025816390000
14025859455000
14025902520999
14025945585999
14025988650999
14026031717000
14026074782000
14026117847000
14026160912999
14026203977999
14026247044000
14026290109000
14026333174000
14026376239999
14026419304999
14026462369999
14026505436000
14026548501000
14026591567000
14026634631999
14026677696999
14026720762999
14026763827999
14026806893000
14026849959000
14026893024000
14026936088999
14026979154999
14027022219999
14027065286000
14027108351000
14027151416000
14027194481999
14027237546999
14027280611999
14027323678000
14027366743000
14027409808999
14027452873999
14027495938999
14027539005000
14027582070000
14027625135000
14027668200999
14027711265999
14027754330999
14027797396999
14027840462000
14027883528000
14027926593000
14027969657999
14028012723999
14028055788999
14028098854000
14028141920000
14028184985000
14028228049999
14028271115999
14028314180999
14028357247000
14028400312000
14028443377000
14028486442999
14028529507999
14028572572999
14028615639000
14028658704000
14028701769999
14028744834999
14028787899999
14028830965999
14028874031000
14028917096000
14028960162000
14029003226999
14029046291999
14029089357999
14029132423000
14029175489000
14029218554000
14029261618999
14029304684999
14029347749999
14029390815000
14029433881000
14029476946000
14029520011000
14029563076999
14029606141999
14029649208000
14029692273000
14029735338000
14029778403999
14029821468999
14029864533999
14029907600000
14029950665000
14029993730000
14030036795999
14030079860999
14030122926999
14030165992000
14030209057000
14030252123000
14030295187999
14030338252999
14030381318999
14030424384000
14030467450000
14030510515000
14030553580000
14030596645999
14030639710999
14030682775999
14030725842000
14030768907000
14030811972000
14030855037999
14030898102999
14030941169000
14030984234000
14031027299000
14031070364999
14031113429999
14031156494999
14031199561000
14031242626000
14031285692000
14031328756999
14031371821999
14031414887999
14031457953000
14031501018000
14031544084000
14031587149000
14031630213999
14031673279999
14031716344999
14031759411000
14031802476000
14031845541000
14031888606999
14031931671999
14031974736999
14032017803000
14032060868000
14032103933000
14032146998999
14032190063999
14032233130000
14032276195000
14032319260000
14032362325999
14032405390999
14032448455999
14032491522000
14032534587000
14032577652000
14032620718000
14032663782999
14032706848999
14032749913999
14032792979000
14032836045000
14032879110000
14032922174999
14032965240999
14033008305999
14033051372000
14033094437000
14033137502000
14033180567999
14033223632999
14033266697999
14033309764000
14033352829000
14033395894000
14033438959999
14033482024999
14033525091000
14033568156000
14033611221000
14033654287000
14033697351999
14033740416999
14033783482999
14033826548000
14033869613000
14033912679000
14033955743999
14033998809999
14034041874999
14034084940000
14034128006000
14034171071000
14034214135999
14034257201999
14034300266999
14034343333000
14034386398000
14034429463000
14034472528999
14034515593999
14034558658999
14034601725000
14034644790000
14034687855000
14034730920999
14034773985999
14034817051999
14034860117000
14034903182000
14034946248000
14034989312999
14035032377999
14035075443999
14035118509000
14035161574000
14035204640000
14035247704999
14035290770999
14035333835999
14035376900999
14035419967000
14035463032000
14035506097000
14035549162999
14035592227999
14035635294000
14035678359000
14035721424000
14035764489999
14035807554999
14035850619999
14035893686000
14035936751000
14035979816000
14036022881999
14036065946999
14036109012999
14036152078000
14036195143000
14036238209000
14036281273999
14036324338999
14036367404999
14036410469999
14036453536000
14036496601000
14036539666000
14036582731999
14036625796999
14036668861999
14036711928000
14036754993000
14036798058000
14036841123999
14036884188999
14036927255000
14036970320000
14037013385000
14037056450999
14037099515999
14037142580999
14037185647000
14037228712000
14037271777000
14037314842999
14037357907999
14037400973999
14037444038999
14037487104000
14037530170000
14037573235000
14037616299999
14037659365999
14037702430999
14037745496000
14037788562000
14037831627000
14037874692999
14037917757999
14037960822999
14038003889000
14038046954000
14038090019000
14038133084999
14038176149999
14038219216000
14038262281000
14038305346000
14038348411999
14038391476999
14038434541999
14038477608000
14038520673000
14038563738000
14038606804000
14038649868999
14038692934999
14038735999999
14038779065000
14038822131000
14038865196000
14038908260999
14038951326999
14038994391999
14039037457000
14039080523000
14039123588000
14039166653999
14039209718999
14039252783999
14039295850000
14039338915000
14039381980000
14039425045999
14039468110999
14039511177000
14039554242000
14039597307000
14039640373000
14039683437999
14039726502999
14039769568999
14039812634000
14039855699000
14039898765000
14039941829999
14039984895999
14040027960999
14040071026000
14040114092000
14040157157000
14040200222000
14040243287999
14040286352999
14040329417999
14040372484000
14040415549000
14040458614999
14040501679999
14040544744999
14040587811000
14040630876000
14040673941000
14040717006999
14040760071999
14040803137999
14040846203000
14040889545999
14040932610999
14040975676999
14041018742000
14041061807000
14041104873000
14041147937999
14041191002999
14041234068999
14041277133999
14041320199000
14041363265000
14041406330000
14041449395999
14041492460999
14041535525999
14041578592000
14041621657000
14041664722000
14041707787999
14041750852999
14041793919000
14041836984000
14041880049000
14041923114999
14041966179999
14042009244999
14042052311000
14042095376000
14042138441000
14042181506999
14042224571999
14042267637999
14042310702999
14042353768000
14042396834000
14042439899000
14042482963999
14042526029999
14042569094999
14042612160000
14042655226000
14042698291000
14042741356999
14042784421999
14042827486999
14042870553000
14042913618000
14042956683000
14042999748999
14043042813999
14043085880000
14043128945000
14043172010000
14043215075999
14043258140999
14043301205999
14043344271999
14043387337000
14043430402000
14043473468000
14043516532999
14043559598999
14043602663999
14043645729000
14043688795000
14043731860000
14043774924999
14043817990999
14043861055999
14043904121000
14043947187000
14043990252000
14044033317999
14044076382999
14044119447999
14044162514000
14044205579000
14044248644999
14044291709999
14044334774999
14044377840999
14044420906000
14044463971000
14044507037000
14044550101999
14044593166999
14044636232999
14044679298000
14044722363000
14044765429000
14044808493999
14044851559999
14044894624999
14044937690000
14044980756000
14045023821000
14045066886000
14045109951999
14045153016999
14045196081999
14045239148000
14045282213000
14045325278999
14045368343999
14045411408999
14045454475000
14045497540000
14045540605000
14045583670999
14045626735999
14045669801999
14045712867000
14045755932000
14045798998000
14045842062999
14045885127999
14045928193999
14045971259000
14046014324000
14046057390000
14046100455000
14046143520999
14046186585999
14046229650999
14046272717000
14046315782000
14046358847000
14046401912999
14046444977999
14046488042999
14046531109000
14046574174000
14046617239999
14046660304999
14046703369999
14046746436000
14046789501000
14046832566000
14046875631999
14046918696999
14046961762999
14047004828000
14047047893000
14047090959000
14047134024000
14047177088999
14047220154999
14047263219999
14047306285000
14047349351000
14047392416000
14047435481999
14047478546999
14047521611999
14047564678000
14047607743000
14047650808000
14047693873999
14047736938999
14047780003999
14047823070000
14047866135000
14047909200999
14047952265999
14047995330999
14048038397000
14048081462000
14048124527000
14048167593000
14048210657999
14048253723999
14048296788999
14048339854000
14048382920000
14048425985000
14048469049999
14048512115999
14048555180999
14048598246000
14048641312000
14048684377000
14048727442999
14048770507999
14048813572999
14048856639000
14048899704000
14048942769000
14048985834999
14049028899999
14049071964999
14049115031000
14049158096000
14049201162000
14049244226999
14049287291999
14049330357999
14049373423000
14049416488000
14049459554000
14049502618999
14049545684999
14049588749999
14049631815000
14049674881000
14049717946000
14049761010999
14049804076999
14049847141999
14049890206999
14049933273000
14049976338000
14050019403999
14050062468999
14050105533999
14050148600000
14050191665000
14050234730000
14050277795999
14050320860999
14050363925999
14050406992000
14050450057000
14050493123000
14050536187999
14050579252999
14050622318999
14050665384000
14050708449000
14050751515000
14050794579999
14050837645999
14050880710999
14050923775999
14050966842000
14051009907000
14051052972000
14051096037999
14051139102999
14051182167999
14051225234000
14051268299000
14051311364999
14051354429999
14051397494999
14051440561000
14051483626000
14051526691000
14051569756999
14051612821999
14051655887999
14051698953000
14051742018000
14051785084000
14051828148999
14051871213999
14051914279999
14051957344999
14052000410000
14052043476000
14052086541000
14052129606999
14052172671999
14052215736999
14052258803000
14052301868000
14052344933000
14052387998999
14052431063999
14052474128999
14052517195000
14052560260000
14052603325999
14052646390999
14052689455999
14052732522000
14052775587000
14052818652000
14052861717999
14052904782999
14052947848999
14052990913999
14053033979000
14053077045000
14053120110000
14053163174999
14053206240999
14053249305999
14053292371000
14053335437000
14053378502000
14053421567999
14053464632999
14053507697999
14053550764000
14053593829000
14053636894000
14053679959999
14053723024999
14053766089999
14053809156000
14053852221000
14053895286999
14053938351999
14053981416999
14054024483000
14054067548000
14054110613000
14054153679000
14054196743999
14054239808999
14054282874999
14054325940000
14054369006000
14054412071000
14054455135999
14054498201999
14054541266999
14054584332000
14054627398000
14054670463000
14054713528999
14054756593999
14054799658999
14054842725000
14054885790000
14054928855000
14054971920999
14055014985999
14055058050999
14055101117000
14055144182000
14055187248000
14055230312999
14055273377999
14055316443999
14055359509000
14055402574000
14055445640000
14055488704999
14055531770999
14055574835999
14055617901000
14055660967000
14055704032000
14055747097000
14055790162999
14055833227999
14055876292999
14055919359000
14055962424000
14056005489999
14056048554999
14056091619999
14056134686000
14056177751000
14056220816000
14056263881999
14056306946999
14056350011999
14056393078000
14056436143000
14056479209000
14056522273999
14056565338999
14056608404999
14056651470000
14056694535000
14056737601000
14056780666000
14056823730999
14056866796999
14056909861999
14056952928000
14056995993000
14057039058000
14057082123999
14057125188999
14057168253999
14057211320000
14057254385000
14057297450999
14057340515999
14057383580999
14057426647000
14057469712000
14057512777000
14057555842999
14057598907999
14057641972999
14057685039000
14057728104000
14057771170000
14057814234999
14057857299999
14057900365999
14057943430999
14057986496000
14058029562000
14058072627000
14058115692999
14058158757999
14058201822999
14058244889000
14058287954000
14058331019000
14058374084999
14058417149999
14058460214999
14058503281000
14058546346000
14058589411999
14058632476999
14058675541999
14058718608000
14058761673000
14058804738000
14058847803999
14058890868999
14058933933999
14058976999999
14059020065000
14059063131000
14059106196000
14059149260999
14059192326999
14059235391999
14059278457000
14059321523000
14059364588000
14059407652999
14059450718999
14059493783999
14059536850000
14059579915000
14059622980000
14059666045999
14059709110999
14059752175999

