14000019197999
14000063262999
14000107328000
14000151394000
14000195459000
14000239524999
14000283589999
14000327655000
14000371721000
14000415786000
14000459850999
14000503916999
14000547981999
14000592047000
14000636113000
14000680178000
14000724244000
14000768308999
14000812373999
14000856439999
14000900505000
14000944570000
14000988636000
14001032700999
14001076765999
14001120831999
14001164897000
14001208963000
14001253028000
14001297092999
14001341158999
14001385224000
14001429289000
14001473355000
14001517420000
14001561485999
14001605550999
14001649616000
14001693682000
14001737747000
14001781811999
14001825877999
14001869942999
14001914008000
14001958074000
14002002139000
14002046205000
14002090269999
14002134334999
14002178401000
14002222466000
14002266531000
14002310597000
14002354661999
14002398726999
14002442793000
14002486858000
14002530924000
14002574988999
14002619053999
14002663119999
14002707185000
14002751250000
14002795316000
14002839380999
14002883446999
14002927511999
14002971577000
14003015642999
14003059707999
14003103773000
14003147838999
14003191903999
14003235968999
14003280035000
14003324100000
14003368166000
14003412231000
14003456296000
14003500361999
14003544426999
14003588492000
14003632557999
14003676622999
14003720687999
14003764754000
14003808819000
14003852884999
14003896950000
14003941015000
14003985080999
14004029145999
14004073210999
14004117277000
14004161341999
14004205408000
14004249473000
14004293538000
14004337603999
14004381669000
14004425734000
14004469799999
14004513864999
14004557929999
14004601996000
14004646061000
14004690127000
14004734192000
14004778257000
14004822322999
14004866387999
14004910453000
14004954518999
14004998583999
14005042648999
14005086715000
14005130780000
14005174845999
14005218911000
14005262976000
14005307041999
14005351106999
14005395171999
14005439238000
14005483302999
14005527369000
14005571434000
14005615499000
14005659564999
14005703630000
14005747695000
14005791760999
14005835825999
14005879890999
14005923957000
14005968021999
14006012088000
14006056153000
14006100218000
14006144283999
14006188348999
14006232414000
14006276479999
14006320544999
14006364609999
14006408676000
14006452741000
14006496807000
14006540872000
14006584937000
14006629002999
14006673067999
14006717133000
14006761198999
14006805263999
14006849330000
14006893395000
14006937460000
14006981525999
14007025591000
14007069656000
14007113721999
14007157786999
14007201851999
14007245918000
14007289982999
14007334049000
14007378114000
14007422179000
14007466244999
14007510309999
14007554375000
14007598440999
14007642505999
14007686570999
14007730637000
14007774702000
14007818768000
14007862833000
14007906898000
14007950963999
14007995028999
14008039094000
14008083159999
14008127224999
14008171291000
14008215356000
14008259421000
14008303486999
14008347552000
14008391617000
14008435682999
14008479747999
14008523812999
14008567879000
14008611943999
14008656010000
14008700075000
14008744140000
14008788205999
14008832271000
14008876336000
14008920401999
14008964466999
14009008531999
14009052598000
14009096662999
14009140729000
14009184794000
14009228859000
14009272924999
14009316989999
14009361055000
14009405120999
14009449185999
14009493252000
14009537317000
14009581382000
14009625448000
14009669513000
14009713578000
14009757643999
14009801708999
14009845774000
14009889839999
14009933904999
14009977971000
14010022036000
14010066101000
14010110166999
14010154232000
14010198297000
14010242362999
14010286427999
14010330492999
14010374559000
14010418623999
14010462690000
14010506755000
14010550820000
14010594885999
14010638950999
14010683016000
14010727081999
14010771146999
14010815213000
14010859278000
14010903343000
14010947409000
14010991474000
14011035539000
14011079605000
14011123670000
14011167735000
14011211801000
14011255866000
14011299931999
14011343996999
14011388061999
14011432127999
14011476192999
14011520257999
14011564323999
14011608388999
14011652453999
14011696520000
14011740584999
14011784651000
14011828716000
14011872781000
14011916847000
14011960912000
14012004977000
14012049043000
14012093108000
14012137173999
14012181238999
14012225304000
14012269369999
14012313434999
14012357499999
14012401565999
14012445630999
14012489695999
14012533761999
14012577826999
14012621893000
14012665958000
14012710023000
14012754089000
14012798154000
14012842219000
14012886285000
14012930350000
14012974415000
14013018481000
14013062546000
14013106611999
14013150676999
14013194741999
14013238807999
14013282872999
14013326937999
14013371003999
14013415068999
14013459135000
14013503200000
14013547264999
14013591331000
14013635396000
14013679461000
14013723527000
14013767592000
14013811657000
14013855723000
14013899788000
14013943853999
14013987918999
14014031984000
14014076049999
14014120114999
14014164179999
14014208245999
14014252310999
14014296375999
14014340441999
14014384506999
14014428573000
14014472638000
14014516703000
14014560769000
14014604834000
14014648899000
14014692965000
14014737030000
14014781095999
14014825161000
14014869226000
14014913291999
14014957356999
14015001421999
14015045487999
14015089552999
14015133617999
14015177683999
14015221748999
14015265815000
14015309880000
14015353944999
14015398011000
14015442076000
14015486141000
14015530207000
14015574272000
14015618337000
14015662403000
14015706468000
14015750533999
14015794598999
14015838663999
14015882729999
14015926794999
14015970859999
14016014925999
14016058990999
14016103057000
14016147121999
14016191186999
14016235253000
14016279318000
14016323383000
14016367449000
14016411514000
14016455579000
14016499645000
14016543710000
14016587775999
14016631840999
14016675906000
14016719971999
14016764036999
14016808101999
14016852167999
14016896232999
14016940297999
14016984363999
14017028428999
14017072495000
14017116560000
14017160624999
14017204691000
14017248756000
14017292821000
14017336887000
14017380952000
14017425017999
14017469083000
14017513148000
14017557213999
14017601278999
14017645343999
14017689409999
14017733474999
14017777539999
14017821605999
14017865670999
14017909737000
14017953802000
14017997866999
14018041933000
14018085998000
14018130063000
14018174129000
14018218194000
14018262259000
14018306325000
14018350390000
14018394455999
14018438520999
14018482586000
14018526651999
14018570716999
14018614781999
14018658847999
14018702912999
14018746979000
14018791043999
14018835108999
14018879175000
14018923240000
14018967305000
14019011371000
14019055436000
14019099501000
14019143567000
14019187632000
14019231697999
14019275763000
14019319828000
14019363893999
14019407958999
14019452023999
14019496089999
14019540154999
14019584219999
14019628285999
14019672350999
14019716417000
14019760482000
14019804546999
14019848613000
14019892678000
14019936743000
14019980809000
14020024874000
14020068940000
14020113005000
14020157070000
14020201135999
14020245200999
14020289266000
14020333331999
14020377396999
14020421461999
14020465527999
14020509592999
14020553659000
14020597723999
14020641788999
14020685855000
14020729920000
14020773985000
14020818051000
14020862116000
14020906181000
14020950247000
14020994312000
14021038377999
14021082442999
14021126508000
14021170573999
14021214638999
14021258703999
14021302769999
14021346834999
14021390900999
14021434965999
14021479030999
14021523097000
14021567162000
14021611226999
14021655293000
14021699358000
14021743423000
14021787489000
14021831554000
14021875619999
14021919685000
14021963750000
14022007815999
14022051880999
14022095945999
14022140011999
14022184076999
14022228141999
14022272207999
14022316272999
14022360339000
14022404403999
14022448468999
14022492535000
14022536600000
14022580665000
14022624731000
14022668796000
14022712862000
14022756927000
14022800992000
14022845057999
14022889122999
14022933188000
14022977253999
14023021318999
14023065383999
14023109449999
14023153514999
14023197580999
14023241645999
14023285710999
14023329777000
14023373842000
14023417907000
14023461973000
14023506038000
14023550103000
14023594169000
14023638234000
14023682299999
14023726365000
14023770430000
14023814495999
14023858560999
14023902625999
14023946691999
14023990756999
14024034822999
14024078887999
14024122952999
14024167019000
14024211084000
14024255148999
14024299215000
14024343280000
14024387345000
14024431411000
14024475476000
14024519542000
14024563607000
14024607672000
14024651737999
14024695802999
14024739868000
14024783933999
14024827998999
14024872063999
14024916129999
14024960194999
14025004261000
14025048325999
14025092390999
14025136457000
14025180522000
14025224587000
14025268653000
14025312718000
14025356784000
14025400849000
14025444914000
14025488979999
14025533045000
14025577110000
14025621175999
14025665240999
14025709305999
14025753371999
14025797436999
14025841502999
14025885567999
14025929632999
14025973699000
14026017764000
14026061828999
14026105895000
14026149960000
14026194026000
14026238091000
14026282156000
14026326222000
14026370287000
14026414352000
14026458417999
14026502482999
14026546548000
14026590613999
14026634678999
14026678744999
14026722809999
14026766874999
14026810941000
14026855005999
14026899070999
14026943136999
14026987202000
14027031266999
14027075332999
14027119398000
14027163464000
14027207528999
14027251594000
14027295660000
14027339724999
14027383790000
14027427856000
14027471920999
14027515986000
14027560052000
14027604116999
14027648182999
14027692248000
14027736312999
14027780379000
14027824443999
14027868508999
14027912575000
14027956639999
14028000705999
14028044771000
14028088835999
14028132901999
14028176967000
14028221031999
14028265097999
14028309163000
14028353227999
14028397293999
14028441359000
14028485425000
14028529489999
14028573555000
14028617620999
14028661686000
14028705751000
14028749816999
14028793882000
14028837946999
14028882012999
14028926078000
14028970144000
14029014208999
14029058274000
14029102340000
14029146404999
14029190470000
14029234536000
14029278600999
14029322666999
14029366732000
14029410796999
14029454863000
14029498928000
14029542992999
14029587059000
14029631123999
14029675189000
14029719255000
14029763319999
14029807385999
14029851451000
14029895515999
14029939581999
14029983647000
14030027711999
14030071777999
14030115843000
14030159907999
14030203973999
14030248039000
14030292105000
14030336169999
14030380235000
14030424300999
14030468366000
14030512431000
14030556496999
14030600562000
14030644628000
14030688692999
14030732758000
14030776824000
14030820888999
14030864954000
14030909020000
14030953084999
14030997150000
14031041216000
14031085280999
14031129346999
14031173412000
14031217476999
14031261543000
14031305608000
14031349672999
14031393739000
14031437803999
14031481869000
14031525935000
14031569999999
14031614065999
14031658131000
14031702195999
14031746261999
14031790327000
14031834391999
14031878457999
14031922523000
14031966589000
14032010653999
14032054719000
14032098785000
14032142849999
14032186915000
14032230980999
14032275046000
14032319111000
14032363176999
14032407242000
14032451308000
14032495372999
14032539438000
14032583504000
14032627568999
14032671634000
14032715700000
14032759764999
14032803830000
14032847896000
14032891960999
14032936026999
14032980092000
14033024156999
14033068223000
14033112288000
14033156352999
14033200419000
14033244483999
14033288549999
14033332615000
14033376679999
14033420745999
14033464811000
14033508875999
14033552941999
14033597007000
14033641071999
14033685137999
14033729203000
14033773269000
14033817333999
14033861399000
14033905465000
14033949529999
14033993595000
14034037660999
14034081726000
14034125792000
14034169856999
14034213922000
14034257988000
14034302052999
14034346118000
14034390184000
14034434248999
14034478314000
14034522380000
14034566444999
14034610510999
14034654576000
14034698640999
14034742706999
14034786772000
14034830836999
14034874903000
14034918968000
14034963032999
14035007099000
14035051163999
14035095229999
14035139295000
14035183359999
14035227425999
14035271491000
14035315555999
14035359621999
14035403687000
14035447751999
14035491817999
14035535883000
14035579949000
14035624013999
14035668079000
14035712145000
14035756209999
14035800275000
14035844340999
14035888406000
14035932472000
14035976536999
14036020602000
14036064668000
14036108732999
14036152798000
14036196864000
14036240928999
14036284994000
14036329060000
14036373124999
14036417190999
14036461256000
14036505320999
14036549386999
14036593452000
14036637516999
14036681583000
14036725647999
14036769712999
14036813779000
14036857843999
14036901909999
14036945975000
14036990039999
14037034105999
14037078171000
14037122235999
14037166301999
14037210367000
14037254433000
14037298497999
14037342563000
14037386629000
14037430693999
14037474759000
14037518824999
14037562889999
14037606955000
14037651020999
14037695086000
14037739152000
14037783216999
14037827282000
14037871348000
14037915412999
14037959478000
14038003544000
14038047608999
14038091674000
14038135740000
14038179804999
14038223870999
14038267936000
14038312000999
14038356066999
14038400132000
14038444196999
14038488263000
14038532327999
14038576393999
14038620459000
14038664523999
14038708589999
14038752655000
14038796719999
14038840785999
14038884851000
14038928915999
14038972981999
14039017047000
14039061113000
14039105177999
14039149243000
14039193309000
14039237373999
14039281439000
14039325504999
14039369569999
14039413636000
14039457700999
14039501766000
14039545832000
14039589896999
14039633962000
14039678028000
14039722092999
14039766158000
14039810224000
14039854288999
14039898354999
14039942420000
14039986484999
14040030550999
14040074616000
14040118680999
14040162746999
14040206812000
14040250876999
14040294943000
14040339007999
14040383073999
14040427139000
14040471203999
14040515269999
14040559335000
14040603399999
14040647465999
14040691531000
14040735595999
14040779661999
14040823727000
14040867793000
14040911857999
14040955923000
14040999989000
14041044053999
14041088119000
14041132184999
14041176249999
14041220316000
14041264380999
14041308446000
14041352512000
14041396576999
14041440642000
14041484708000
14041528772999
14041572838000
14041616904000
14041660968999
14041705034999
14041749100000
14041793164999
14041837230999
14041881296000
14041925360999
14041969427000
14042013492000
14042057556999
14042101623000
14042145687999
14042189753999
14042233819000
14042277883999
14042321949999
14042366015000
14042410079999
14042454145999
14042498211000
14042542277000
14042586341999
14042630407000
14042674473000
14042718537999
14042762603000
14042806669000
14042850733999
14042894799000
14042938864999
14042982930000
14043026996000
14043071060999
14043115126000
14043159192000
14043203256999
14043247322000
14043291388000
14043335452999
14043379518000
14043423584000
14043467648999
14043511714999
14043555780000
14043599844999
14043643910999
14043687976000
14043732040999
14043776107000
14043820172000
14043864237999
14043908303000
14043952367999
14043996433999
14044040499000
14044084563999
14044128629999
14044172695000
14044216759999
14044260825999
14044304891000
14044348957000
14044393021999
14044437087000
14044481153000
14044525217999
14044569283000
14044613349000
14044657413999
14044701480000
14044745544999
14044789610000
14044833676000
14044877740999
14044921806000
14044965872000
14045009936999
14045054002000
14045098068000
14045142132999
14045186198999
14045230264000
14045274328999
14045318394999
14045362460000
14045406524999
14045450590999
14045494656000
14045538720999
14045582787000
14045626852000
14045670917999
14045714983000
14045759047999
14045803113999
14045847179000
14045891243999
14045935309999
14045979375000
14046023439999
14046067505999
14046111571000
14046155637000
14046199701999
14046243767000
14046287833000
14046331897999
14046375963000
14046420029000
14046464093999
14046508160000
14046552224999
14046596290000
14046640356000
14046684420999
14046728486000
14046772552000
14046816616999
14046860682000
14046904748000
14046948812999
14046992878999
14047036944000
14047081008999
14047125074999
14047169140000
14047213204999
14047257270999
14047301336000
14047345400999
14047389467000
14047433532000
14047477597999
14047521663000
14047565727999
14047609793999
14047653859000
14047697923999
14047741989999
14047786055000
14047830121000
14047874185999
14047918251000
14047962317000
14048006381999
14048050447000
14048094513000
14048138577999
14048182643000
14048226708999
14048270773999
14048314840000
14048358904999
14048402970000
14048447036000
14048491100999
14048535166000
14048579232000
14048623296999
14048667362000
14048711428000
14048755492999
14048799558999
14048843624000
14048887688999
14048931754999
14048975820000
14049019884999
14049063950999
14049108016000
14049152081999
14049196147000
14049240211999
14049284277999
14049328343000
14049372407999
14049416473999
14049460539000
14049504603999
14049548669999
14049592735000
14049636801000
14049680865999
14049724931000
14049768997000
14049813061999
14049857127000
14049901193000
14049945257999
14049989323000
14050033388999
14050077453999
14050121520000
14050165584999
14050209650000
14050253716000
14050297780999
14050341846000
14050385912000
14050429976999
14050474042999
14050518108000
14050562172999
14050606238999
14050650304000
14050694368999
14050738434999
14050782500000
14050826564999
14050870630999
14050914696000
14050958761999
14051002827000
14051046891999
14051090957999
14051135023000
14051179087999
14051223153999
14051267219000
14051311283999
14051355349999
14051399415000
14051443481000
14051487545999
14051531611000
14051575677000
14051619741999
14051663807000
14051707873000
14051751937999
14051796004000
14051840068999
14051884133999
14051928200000
14051972264999
14052016330000
14052060396000
14052104460999
14052148526000
14052192592000
14052236656999
14052280722999
14052324788000
14052368852999
14052412918999
14052456984000
14052501048999
14052545114999
14052589180000
14052633244999
14052677311000
14052721376000
14052765441999
14052809507000
14052853571999
14052897637999
14052941703000
14052985767999
14053029833999
14053073899000
14053117965000
14053162029999
14053206095000
14053250161000
14053294225999
14053338291000
14053382357000
14053426421999
14053470487000
14053514553000
14053558617999
14053602684000
14053646748999
14053690814000
14053734880000
14053778944999
14053823010000
14053867076000
14053911140999
14053955206000
14053999272000
14054043336999
14054087402999
14054131468000
14054175532999
14054219598999
14054263664000
14054307728999
14054351794999
14054395860000
14054439925999
14054483991000
14054528056000
14054572121999
14054616187000
14054660251999
14054704317999
14054748383000
14054792447999
14054836513999
14054880579000
14054924645000
14054968709999
14055012775000
14055056841000
14055100905999
14055144971000
14055189037000
14055233101999
14055277167000
14055321233000
14055365297999
14055409364000
14055453428999
14055497494000
14055541560000
14055585624999
14055629690000
14055673756000
14055717820999
14055761886999
14055805952000
14055850016999
14055894082999
14055938148000
14055982212999
14056026278999
14056070344000
14056114408999
14056158474999
14056202540000
14056246605999
14056290671000
14056334736000
14056378801999
14056422867000
14056466931999
14056510997999
14056555063000
14056599127999
14056643193999
14056687259000
14056731325000
14056775389999
14056819455000
14056863521000
14056907585999
14056951651000
14056995717000
14057039781999
14057083848000
14057127913000
14057171977999
14057216044000
14057260108999
14057304174000
14057348240000
14057392304999
14057436370000
14057480436000
14057524500999
14057568566999
14057612632000
14057656696999
14057700762999
14057744828000
14057788892999
14057832958999
14057877024000
14057921088999
14057965154999
14058009220000
14058053285999
14058097351000
14058141416000
14058185481999
14058229547000
14058273611999
14058317677999
14058361743000
14058405809000
14058449873999
14058493939000
14058538005000
14058582069999
14058626135000
14058670201000
14058714265999
14058758331000
14058802397000
14058846461999
14058890528000
14058934592999
14058978657999
14059022724000
14059066789000
14059110853999
14059154919999
14059198984999
14059243050999
14059287116000
14059331181000
14059375247000
14059419311999
14059463376999
14059507442999
14059551508000
14059595573000
14059639639000
14059683703999
14059727769999

