14000000000000
14000038766001
14000077531001
14000116296000
14000155062000
14000193827000
14000232593001
14000271358001
14000310123000
14000348889000
14000387654000
14000426419001
14000465185001
14000503950000
14000542715000
14000581481000
14000620246001
14000659012001
14000697777000
14000736542000
14000775308000
14000814073001
14000852838001
14000891604001
14000930369000
14000969135000
14001007900001
14001046665001
14001085431001
14001124196000
14001162961000
14001201727001
14001240492001
14001279257001
14001318023000
14001356788000
14001395554001
14001434319001
14001473084001
14001511850000
14001550615000
14001589380001
14001628146001
14001666911001
14001705676000
14001744442000
14001783207001
14001821973001
14001860738001
14001899503000
14001938269000
14001977034001
14002015799001
14002054565001
14002093330000
14002132096000
14002170861001
14002209626001
14002248392001
14002287157000
14002325922000
14002364688000
14002403453001
14002442218001
14002480984000
14002519749000
14002558515000
14002597280001
14002636045001
14002674811000
14002713576000
14002752341000
14002791107001
14002829872001
14002868637000
14002907403000
14002946168000
14002984934001
14003023699001
14003062464000
14003101230000
14003139995000
14003178760001
14003217526001
14003256291000
14003295057000
14003333822000

